# Energy [H] =    2.40641E-01
# <x> [b] =    5.66594E-01
# <y> [b] =   -6.40619E-08
# <z> [b] =   -2.00566E-08
           1           5           1   2.7896529346742582E-010
           2           5           1   2.2715346487074369E-010
           3           5           1   2.4545954268282259E-009
           4           5           1  0.99824837492945995     
           1           6           1  -4.8387585566747019E-011
           2           6           1  -1.2450488818981123E-009
           3           6           1   2.9917288947148714E-009
           4           6           1   3.9042224992992626E-009
           1           7           1  -5.2099439039293080E-003
           2           7           1  -3.5748206440374892E-010
           3           7           1  -8.7324178957423823E-003
           4           7           1  -1.1547603044155015E-008
           1           8           1  -2.3860396845717869E-010
           2           8           1  -5.5078144485343152E-010
           3           8           1  -2.3958071026148241E-010
           4           8           1  -1.5836372322329605E-002
           1           9           1   2.1260657204763785E-009
           2           9           1  -3.6782781109917717E-010
           3           9           1   2.4076277863270432E-009
           4           9           1  -3.0539031467467895E-002
           1          10           1  -2.3099804167696754E-009
           2          10           1  -8.1941818745476448E-011
           3          10           1   2.7400554884523129E-009
           4          10           1  -1.0277814204480114E-009
           1          11           1   3.0878225906295088E-009
           2          11           1  -2.9422055332718154E-003
           3          11           1   4.4676232325945405E-009
           4          11           1  -1.8379537687761776E-008
           1          12           1   4.1770690681120275E-010
           2          12           1  -8.2953553095448666E-010
           3          12           1   3.3053522126039295E-009
           4          12           1  -4.6486547811671740E-002
           1          13           1  -1.5192272834106569E-003
           2          13           1  -4.4108260896872703E-010
           3          13           1   3.8079634794471297E-003
           4          13           1  -8.3271532505194297E-010
           1          14           1   1.5519689103017558E-009
           2          14           1  -5.6006583526289120E-010
           3          14           1   3.7505996775704862E-009
           4          14           1  -5.1861202603624154E-003
