# Energy [H] =    3.66303E-01
# <x> [b] =    3.77373E-01
# <y> [b] =    6.85071E-08
# <z> [b] =   -4.62626E-08
           1           5           1   1.4300809411511643E-008
           2           5           1  -3.2211197573475286E-009
           3           5           1   8.9701211829365310E-008
           4           5           1   2.2184418410516268E-002
           1           6           1  -6.3904524133009595E-010
           2           6           1  -6.1742312819399230E-008
           3           6           1  -5.0855222906690900E-009
           4           6           1   1.6400516371852942E-007
           1           7           1  -4.2931150420964037E-003
           2           7           1   3.3948038290294337E-008
           3           7           1  -2.5897910546067212E-002
           4           7           1  -1.9890098178944662E-007
           1           8           1   2.3484066962087466E-009
           2           8           1  -1.5506113226673284E-009
           3           8           1   1.4679262947604082E-007
           4           8           1   1.5681370139935275E-002
           1           9           1   5.2395416595765996E-009
           2           9           1  -1.0713416611723762E-009
           3           9           1  -3.5765426955936946E-008
           4           9           1  0.98423843048194037     
           1          10           1  -1.5256999585776841E-009
           2          10           1  -1.3801559073920858E-008
           3          10           1  -5.5175449834751117E-009
           4          10           1   1.0008295097065800E-005
           1          11           1   1.4546705948994777E-009
           2          11           1  -9.0168249464699819E-003
           3          11           1  -1.3235153800828127E-007
           4          11           1  -1.1651861202503789E-007
           1          12           1   8.2953940372867368E-009
           2          12           1  -3.3491901617376566E-009
           3          12           1  -3.0763935466220572E-008
           4          12           1 -0.17173918872659802     
           1          13           1  -1.4697583598682509E-003
           2          13           1   4.7604751716870445E-008
           3          13           1  -5.0983998766328271E-003
           4          13           1   4.4199890837662807E-008
           1          14           1   2.9228436304158006E-009
           2          14           1   3.6705566505355225E-009
           3          14           1  -1.5228915553423779E-008
           4          14           1   1.5611518744914187E-002
