# Energy [H] =    3.40795E-01
# <x> [b] =   -1.64975E-07
# <y> [b] =    1.65721E-07
# <z> [b] =   -4.01089E-01
           1           5           1  -2.9560561647671294E-002
           2           5           1   6.9542224295021058E-009
           3           5           1 -0.41759909537565593     
           4           5           1   1.8622050877691966E-008
           1           6           1   5.6011496986362477E-009
           2           6           1  0.10589249352831498     
           3           6           1   3.0423656681134449E-008
           4           6           1  -1.7985355659341139E-008
           1           7           1  -3.3772827739825982E-009
           2           7           1  -1.0227439099417958E-008
           3           7           1  -9.6847283573071975E-010
           4           7           1  0.86862733130669167     
           1           8           1  -4.9122919576869558E-003
           2           8           1   3.3610236782203522E-010
           3           8           1 -0.19406453444397845     
           4           8           1   2.4287070137849083E-008
           1           9           1  -8.8208986254166653E-003
           2           9           1  -7.1435269624122212E-008
           3           9           1   8.2431071943402087E-002
           4           9           1   2.5244328677775874E-007
           1          10           1   8.1886295765542876E-009
           2          10           1   2.2495212404396985E-002
           3          10           1  -4.8056123990123771E-008
           4          10           1  -1.8820453645567111E-007
           1          11           1  -3.4182915524152217E-009
           2          11           1   2.7663867537501275E-007
           3          11           1  -8.6400895592260588E-008
           4          11           1   3.6739552115822806E-007
           1          12           1  -1.6975892012452164E-002
           2          12           1   2.9212498313169437E-007
           3          12           1   7.4940352023914317E-002
           4          12           1  -3.7282590602797322E-008
           1          13           1  -2.5401784047170571E-009
           2          13           1   2.7797366009934382E-007
           3          13           1  -6.2322140107701548E-008
           4          13           1  -7.9879801521881441E-002
           1          14           1  -4.3712680989491772E-003
           2          14           1  -3.5735077588586894E-007
           3          14           1   4.0527537718585874E-002
           4          14           1   1.3293706374837675E-007
