# Energy [H] =    3.19636E-01
# <x> [b] =   -3.33600E-08
# <y> [b] =    7.04643E-09
# <z> [b] =   -5.86779E-01
           1           5           1   6.0289322265958721E-003
           2           5           1   1.5717610185432538E-009
           3           5           1  0.89560466069356104     
           4           5           1   2.9692445734074670E-009
           1           6           1  -7.0342199325573555E-010
           2           6           1  -1.5240909472408424E-002
           3           6           1   8.3954192947756511E-009
           4           6           1   1.8084435855986146E-009
           1           7           1  -4.6802579725909360E-011
           2           7           1   2.2110734130579618E-009
           3           7           1  -4.5319951856137631E-009
           4           7           1  0.44132336600203903     
           1           8           1   7.1219455634103103E-005
           2           8           1  -8.7744781258674150E-010
           3           8           1   8.8843234290258612E-003
           4           8           1   7.3296849910350439E-008
           1           9           1   2.5861856768458098E-003
           2           9           1   1.6428380206681967E-008
           3           9           1  -2.3611198857129024E-002
           4           9           1  -3.3481227846416688E-009
           1          10           1  -2.2904159566811804E-009
           2          10           1  -9.6026370180925039E-003
           3          10           1   2.8757758918578016E-008
           4          10           1  -2.7763720772377091E-009
           1          11           1  -2.3663218082248722E-011
           2          11           1  -6.3929509918415984E-008
           3          11           1   1.2192072272491033E-008
           4          11           1  -3.3024435479762269E-008
           1          12           1   3.7710991829024770E-003
           2          12           1  -6.6419653907261192E-008
           3          12           1  -4.3863941667248593E-002
           4          12           1  -2.2492532841960436E-008
           1          13           1   5.6585066623355132E-011
           2          13           1  -6.4511220591340294E-008
           3          13           1   1.5105526682497648E-009
           4          13           1  -3.1118912868099103E-003
           1          14           1   1.8547550489890511E-003
           2          14           1   8.2627725434510245E-008
           3          14           1  -1.3062560522204806E-002
           4          14           1   1.3083616525137660E-008
