# Energy [H] =    3.66673E-01
# <x> [b] =    4.00730E-06
# <y> [b] =   -2.86887E-07
# <z> [b] =    7.15240E-08
           1           5           1  -1.1362101710891896E-008
           2           5           1  -9.6688130567724085E-009
           3           5           1  -5.6500084401231980E-008
           4           5           1  -2.2551185584076876E-007
           1           6           1  -9.6127807452527155E-010
           2           6           1   3.6148235527633710E-008
           3           6           1  -1.2888234780219088E-007
           4           6           1   2.2151670613541105E-002
           1           7           1   4.8011966547492228E-008
           2           7           1   4.5795268625517041E-003
           3           7           1   2.8362095775618514E-007
           4           7           1   1.2603319161325104E-007
           1           8           1  -8.4104450596057634E-010
           2           8           1   3.6976690807654766E-010
           3           8           1  -9.7759326382110499E-008
           4           8           1  -1.4484381172261979E-007
           1           9           1  -3.7167506554182921E-009
           2           9           1  -1.1212647509566646E-008
           3           9           1   2.8791486237905858E-008
           4           9           1  -9.8828144409519044E-006
           1          10           1   6.5813740902737953E-010
           2          10           1   4.7195706733293577E-009
           3          10           1  -2.0516096941564733E-008
           4          10           1  0.99963026205417382     
           1          11           1   1.5456318658520416E-004
           2          11           1   9.2432943422205011E-008
           3          11           1  -1.4228262346664427E-002
           4          11           1  -1.0646831144412867E-006
           1          12           1  -6.1519349817803472E-009
           2          12           1  -5.3590981338511871E-009
           3          12           1   1.0321044921884026E-008
           4          12           1   1.5838591280406357E-006
           1          13           1   1.6297481494528693E-008
           2          13           1   5.0202756253276909E-003
           3          13           1   3.6644621810138412E-008
           4          13           1  -3.2566756585711464E-007
           1          14           1  -1.9135634176351805E-009
           2          14           1   2.5730714751732738E-009
           3          14           1   8.2976988547094983E-009
           4          14           1   2.8316825711079259E-007
