# Energy [H] =    3.70210E-01
# <x> [b] =   -5.32848E-08
# <y> [b] =    3.49639E-01
# <z> [b] =    5.66188E-07
           1           5           1   1.8909493691033711E-008
           2           5           1   1.1724603813618945E-002
           3           5           1   1.4422081537120199E-007
           4           5           1   2.4333406715832395E-008
           1           6           1   1.5681131750964479E-003
           2           6           1  -9.4114572441644807E-008
           3           6           1  0.17515013295093546     
           4           6           1   2.5484254071753772E-008
           1           7           1  -4.1087097062900773E-009
           2           7           1   2.7859451126383188E-008
           3           7           1  -3.9907309256769856E-008
           4           7           1  -2.3845284924607512E-007
           1           8           1   4.8905257489547936E-009
           2           8           1   1.3621382801956995E-003
           3           8           1   2.7842024693999722E-007
           4           8           1   1.3959953704730848E-008
           1           9           1   4.7895708764826149E-009
           2           9           1   1.1194694370001528E-002
           3           9           1  -1.0989268725084193E-007
           4           9           1   1.2689554246811107E-007
           1          10           1  -6.0957804760383249E-004
           2          10           1  -3.0540552551055169E-008
           3          10           1   1.6564801244511079E-002
           4          10           1   1.0719015558733328E-006
           1          11           1   3.4429442757726440E-009
           2          11           1   3.7727727981345080E-009
           3          11           1   8.3073696128351633E-008
           4          11           1  0.98422597964224345     
           1          12           1   1.3421361148805291E-008
           2          12           1   8.8357673190896484E-003
           3          12           1   2.1116985751355439E-008
           4          12           1   6.5942650150105962E-008
           1          13           1   1.0664640584068009E-009
           2          13           1   1.5704170976105652E-008
           3          13           1   8.1457463256861403E-008
           4          13           1   2.7666298497520032E-007
           1          14           1  -1.5229756573075021E-010
           2          14           1  -1.3095789544806235E-003
           3          14           1  -1.4809642011389877E-007
           4          14           1   5.1803701386786868E-008
