# Energy [H] =    3.80655E-01
# <x> [b] =    1.61908E-01
# <y> [b] =   -3.92487E-07
# <z> [b] =    2.34242E-07
           1           5           1   6.5660828236128862E-009
           2           5           1   2.6203181380594238E-008
           3           5           1   1.7566323544966903E-008
           4           5           1   4.5306316434877029E-002
           1           6           1   6.7296413016027166E-009
           2           6           1  -1.5989263764295821E-008
           3           6           1  -6.6021263940736636E-007
           4           6           1   1.4420706672520215E-007
           1           7           1  -8.2834696602956427E-003
           2           7           1   3.9433794939714056E-008
           3           7           1  -5.6252015192813226E-002
           4           7           1   1.0822732835368871E-008
           1           8           1  -3.3521955286172673E-010
           2           8           1   7.1446311647174120E-009
           3           8           1   6.2872944798333812E-008
           4           8           1   3.2943235792030123E-002
           1           9           1   4.6545127602450260E-009
           2           9           1   1.6811193776939293E-008
           3           9           1   1.5400116203585182E-008
           4           9           1  0.16164705744629221     
           1          10           1  -1.4613214162209553E-009
           2          10           1   2.5321424595522439E-009
           3          10           1   6.7838708684784292E-008
           4          10           1   2.9086075618374076E-007
           1          11           1   9.4837613156285527E-009
           2          11           1  -2.1626346154855528E-003
           3          11           1   4.3482423695513905E-008
           4          11           1   4.8811542688923799E-008
           1          12           1   3.8090110890272124E-009
           2          12           1   1.0472993305672303E-008
           3          12           1   8.9512790812026463E-009
           4          12           1  0.90978642554772304     
           1          13           1  -2.2717831125564692E-003
           2          13           1   8.0180822724540030E-009
           3          13           1   1.0987249691521928E-002
           4          13           1  -6.6705187794327480E-007
           1          14           1   3.0121452245115378E-009
           2          14           1   8.0229730838426875E-009
           3          14           1  -1.9675108453152966E-008
           4          14           1 -0.37370778275019051     
