# Energy [H] =    2.98886E-01
# <x> [b] =    2.68991E-08
# <y> [b] =    7.84848E-09
# <z> [b] =    3.73295E-08
           1           5           1   1.6204174879928045E-009
           2           5           1  -2.7445284505805658E-010
           3           5           1  -5.8891432308924711E-009
           4           5           1  -6.4966455943109311E-009
           1           6           1  -5.6103265364375932E-011
           2           6           1  -4.1536832784548033E-009
           3           6           1  -6.1218700202516653E-009
           4           6           1  0.99973987667222519     
           1           7           1   7.7827418318594005E-010
           2           7           1  -2.4831806489476890E-004
           3           7           1   2.4162503499927174E-009
           4           7           1   6.1858163640116746E-009
           1           8           1   1.6074881995129197E-010
           2           8           1   1.7009234202059492E-009
           3           8           1   1.4310118967048108E-009
           4           8           1   3.3679706575767999E-008
           1           9           1   2.0824833657778411E-010
           2           9           1   9.4863910460964146E-010
           3           9           1  -1.3648032724402254E-009
           4           9           1   3.7785930950435575E-008
           1          10           1   2.1492031699952087E-010
           2          10           1   2.6711993469740569E-009
           3          10           1  -4.5541832796010895E-009
           4          10           1  -2.2227817981408046E-002
           1          11           1   1.1548210423953003E-003
           2          11           1  -5.5911001880801685E-010
           3          11           1  -4.8248527207353509E-003
           4          11           1  -1.3356502807686722E-010
           1          12           1   9.3053022143863763E-010
           2          12           1   5.3173532759010001E-010
           3          12           1  -8.1003463534194837E-009
           4          12           1  -1.0660905622989003E-007
           1          13           1   2.7646102565757479E-010
           2          13           1   1.1952497119315979E-003
           3          13           1  -2.9180095746813243E-009
           4          13           1  -8.6845889591970260E-008
           1          14           1   1.1324942921103552E-011
           2          14           1   1.2495641251910273E-009
           3          14           1  -6.8289949103652955E-009
           4          14           1   1.2647103611043027E-007
