# Energy [H] =    3.25388E-01
# <x> [b] =    2.30522E-01
# <y> [b] =    5.07755E-08
# <z> [b] =   -3.44356E-08
           1           5           1  -6.4404503868680062E-010
           2           5           1  -7.0576368175772820E-010
           3           5           1  -5.7364235869253893E-008
           4           5           1   1.3642352893530600E-002
           1           6           1   8.9556024019015827E-011
           2           6           1   2.5703744047836610E-009
           3           6           1  -1.1726142520681243E-008
           4           6           1  -3.6600569733441835E-008
           1           7           1  -2.7185021097631584E-003
           2           7           1  -6.9818851674616405E-010
           3           7           1   1.7064251803190099E-003
           4           7           1  -5.1369897679280838E-008
           1           8           1  -3.9966923554591701E-011
           2           8           1   1.3469734669614694E-009
           3           8           1  -4.3854475929467199E-009
           4           8           1  0.99911923406462055     
           1           9           1   8.4458076477003923E-010
           2           9           1  -1.0989588039481724E-010
           3           9           1   2.4959793217592967E-009
           4           9           1  -2.1937563467858221E-002
           1          10           1  -4.1976803892248263E-010
           2          10           1   1.5435992026783001E-009
           3          10           1  -3.0649547669233582E-009
           4          10           1  -1.6364393210333875E-008
           1          11           1   1.9370640539495529E-009
           2          11           1  -1.7679236026938126E-003
           3          11           1   4.9129223219892085E-009
           4          11           1  -7.3664104058994734E-009
           1          12           1  -7.9690045697257271E-011
           2          12           1   2.1260295528692917E-009
           3          12           1   2.1885143312258262E-009
           4          12           1  -3.2849083427880552E-002
           1          13           1   2.5062281085043631E-004
           2          13           1   5.3193178998015373E-011
           3          13           1   9.0622782635633558E-004
           4          13           1   2.6599433766361286E-009
           1          14           1   5.5980618080438382E-010
           2          14           1   1.8588973024753213E-009
           3          14           1  -8.4383201956605199E-009
           4          14           1   1.0771044305418188E-004
