# Energy [H] =    4.62915E-01
# <x> [b] =   -3.58042E-01
# <y> [b] =   -6.30106E-05
# <z> [b] =    7.45674E-07
           1           5           1   9.1111834268614498E-009
           2           5           1  -6.9741355925174542E-005
           3           5           1  -1.3617570711801393E-008
           4           5           1  -3.6938016879951500E-003
           1           6           1  -4.8082164689809514E-007
           2           6           1   8.8026247401622505E-008
           3           6           1  -3.7654400373242174E-006
           4           6           1  -8.4175846287653047E-011
           1           7           1   1.9874432794813653E-003
           2           7           1   7.0235592126310590E-010
           3           7           1  -2.0316615757122731E-003
           4           7           1   2.5462763273828905E-008
           1           8           1  -6.3224032637367517E-009
           2           8           1   2.7912800148719823E-006
           3           8           1   3.7679014742787935E-008
           4           8           1  -8.3977827170877615E-004
           1           9           1   3.8189581771642143E-009
           2           9           1   5.7121282413887968E-006
           3           9           1  -1.8914665919527582E-007
           4           9           1   4.3927872738845700E-003
           1          10           1  -3.1484566076999638E-007
           2          10           1   4.3014628737100166E-008
           3          10           1  -2.2727263264593056E-005
           4          10           1   4.7573629236273677E-009
           1          11           1  -5.5176776699588499E-010
           2          11           1   4.8096879199938927E-003
           3          11           1   8.1456163349456195E-008
           4          11           1   1.6820582665420130E-006
           1          12           1   3.0886290966977341E-009
           2          12           1   5.7055111035360719E-006
           3          12           1  -4.3894045609693805E-007
           4          12           1  -2.8762425053673428E-003
           1          13           1   6.8058771780667670E-004
           2          13           1   2.7108095244783724E-009
           3          13           1  0.99967522102632667     
           4          13           1  -3.9950251859664678E-008
           1          14           1   1.8860791099465055E-009
           2          14           1   1.8904724712784205E-006
           3          14           1   1.7643630887409566E-006
           4          14           1   2.3996965679375024E-002
