# Energy [H] =    3.84438E-01
# <x> [b] =   -1.79078E-07
# <y> [b] =   -1.99976E-07
# <z> [b] =   -3.90270E-01
           1           5           1  -1.1181014315640544E-002
           2           5           1   2.4691712870215069E-008
           3           5           1  -2.3245335839571279E-002
           4           5           1   5.1166278619495816E-008
           1           6           1   5.8361370780727836E-009
           2           6           1   2.3155776836485172E-002
           3           6           1  -3.7313461402991807E-007
           4           6           1   9.2722433145600196E-008
           1           7           1  -1.1120003521283403E-008
           2           7           1   3.1278056637508629E-008
           3           7           1  -1.6475499701482240E-007
           4           7           1   5.6131172671454274E-002
           1           8           1   6.9939375370500344E-004
           2           8           1   2.8309718071766533E-009
           3           8           1  -9.4815679005163120E-002
           4           8           1   3.1805194979580522E-008
           1           9           1  -3.6687699070300224E-003
           2           9           1   3.1879968561106594E-009
           3           9           1  -1.9482440327647918E-003
           4           9           1   1.3235921252248105E-007
           1          10           1   3.4915711464157599E-009
           2          10           1  -4.8896439099442848E-003
           3          10           1   6.7203669708670937E-008
           4          10           1   3.0238796415078475E-007
           1          11           1   3.5778804234316964E-009
           2          11           1   2.5895833325721135E-008
           3          11           1  -6.2428999765492555E-009
           4          11           1  -1.6503990992831430E-007
           1          12           1  -5.4100025391412678E-003
           2          12           1   3.4990179534196494E-008
           3          12           1  -1.4130732757392558E-002
           4          12           1   9.3356047470239215E-007
           1          13           1  -3.4665222185453248E-009
           2          13           1   3.5872931844186626E-008
           3          13           1  -1.6402579398617682E-008
           4          13           1  0.99293706365473933     
           1          14           1  -2.1705637057431379E-003
           2          14           1  -3.2032725814990817E-008
           3          14           1   2.1410394415062962E-002
           4          14           1   5.7278176242903633E-007
