# Energy [H] =    4.50294E-01
# <x> [b] =   -1.99574E-07
# <y> [b] =    5.10168E-06
# <z> [b] =   -2.97689E-07
           1           5           1  -2.2290833104299985E-008
           2           5           1  -9.9129497493478124E-006
           3           5           1  -5.9810123629630004E-008
           4           5           1  -6.4880131183016986E-009
           1           6           1  -3.5291437916733052E-007
           2           6           1   2.7836446497986890E-007
           3           6           1   1.8425972491364947E-006
           4           6           1   5.1467484650485123E-003
           1           7           1   5.9396509862779084E-009
           2           7           1   6.2589093364202259E-003
           3           7           1  -4.0281833478733360E-008
           4           7           1   1.3419902386390894E-007
           1           8           1  -1.2577098794351189E-008
           2           8           1  -6.7487044282374488E-008
           3           8           1   3.3677867469015565E-007
           4           8           1  -5.7553767375945890E-009
           1           9           1  -3.2752917065590955E-009
           2           9           1  -8.0424826293583134E-007
           3           9           1  -1.0992921425359803E-006
           4           9           1  -1.7703278008581803E-008
           1          10           1  -5.3856920887901081E-008
           2          10           1   2.8272436773632907E-008
           3          10           1   2.0699511413209222E-005
           4          10           1   1.4113188872734137E-002
           1          11           1  -1.5770997638034999E-004
           2          11           1   8.2025957410370333E-009
           3          11           1  0.99985573488351620     
           4          11           1  -6.4884339101298607E-007
           1          12           1  -1.1304775961824876E-008
           2          12           1   2.4300065643981590E-008
           3          12           1   9.0612430481139124E-007
           4          12           1  -3.4476376520347319E-008
           1          13           1   8.5771555930820981E-010
           2          13           1  -4.8619901744582812E-003
           3          13           1  -8.2891442393667125E-008
           4          13           1   2.4485338985447993E-008
           1          14           1  -3.0082434049487182E-009
           2          14           1  -1.5437404150156574E-007
           3          14           1   1.9649702268921646E-007
           4          14           1   4.0417801064394374E-008
