# Energy [H] =    4.49303E-01
# <x> [b] =   -6.30934E-07
# <y> [b] =   -2.48248E-01
# <z> [b] =   -8.16056E-08
           1           5           1  -1.0358678514806594E-007
           2           5           1 -0.34319393400162879     
           3           5           1  -3.0691874313138518E-007
           4           5           1   4.8545329392616806E-009
           1           6           1  -1.2711943062634564E-002
           2           6           1   8.2746070165722861E-007
           3           6           1   6.8482823769188489E-002
           4           6           1  -1.1341890723750077E-007
           1           7           1  -3.1047805335290451E-009
           2           7           1  -1.4278136598773217E-007
           3           7           1  -1.3312967692381671E-008
           4           7           1   3.9998115856121092E-007
           1           8           1  -2.9773307671796448E-008
           2           8           1  -4.3695919479112928E-003
           3           8           1   9.6697141927856986E-007
           4           8           1   5.2189192318834287E-009
           1           9           1  -1.9583159365024248E-008
           2           9           1  -3.2539839397253550E-002
           3           9           1  -6.3822039576405783E-006
           4           9           1  -8.5622946157534567E-009
           1          10           1  -1.6736737196446907E-003
           2          10           1   1.3192329581170484E-007
           3          10           1  0.93577547314286313     
           4          10           1  -3.2444816421117874E-007
           1          11           1  -2.2699275930932413E-008
           2          11           1  -2.6346500597316345E-008
           3          11           1  -2.2942537438479138E-005
           4          11           1  -2.3443922375022231E-002
           1          12           1  -9.2594652341857374E-008
           2          12           1  -2.0869581848194235E-003
           3          12           1   6.4766957750407505E-007
           4          12           1   7.9360375805344379E-009
           1          13           1  -3.7503141339063554E-008
           2          13           1   8.8729790913047976E-008
           3          13           1  -2.1523155078366565E-006
           4          13           1  -6.7624295274322137E-008
           1          14           1   2.9306757534099743E-008
           2          14           1  -7.4824954886445524E-003
           3          14           1   3.4142709960402501E-006
           4          14           1  -2.4394221282566629E-008
