# Energy [H] =    3.81803E-01
# <x> [b] =    3.67496E-07
# <y> [b] =    3.98118E-01
# <z> [b] =    3.04384E-07
           1           5           1  -4.5313678699218658E-009
           2           5           1  -3.7265862234355754E-002
           3           5           1  -3.2530316464067014E-008
           4           5           1   2.0936710049917869E-008
           1           6           1  -9.6400854312347507E-003
           2           6           1   2.6391684190032213E-008
           3           6           1  0.97973460945269453     
           4           6           1   2.1053540101520394E-009
           1           7           1  -4.7943245868667044E-009
           2           7           1  -7.0040096373100419E-009
           3           7           1   1.9256406828562726E-008
           4           7           1   2.4837379879565293E-008
           1           8           1  -8.7296457679247222E-010
           2           8           1  -6.3746806882268919E-003
           3           8           1  -7.7928918989167686E-008
           4           8           1   2.9191063977114606E-008
           1           9           1   5.3457861345985066E-009
           2           9           1  -2.3954255035175762E-002
           3           9           1   1.5208568926781688E-007
           4           9           1   8.0606444678186574E-008
           1          10           1  -2.3887497765220753E-003
           2          10           1   1.7541481034486674E-008
           3          10           1  -9.0741650035882429E-002
           4          10           1  -6.5467387437464301E-008
           1          11           1  -2.0836457846753485E-008
           2          11           1  -1.5770091455172948E-008
           3          11           1  -4.3074173563096167E-007
           4          11           1 -0.17196731465549805     
           1          12           1  -3.0955211612541431E-008
           2          12           1  -1.3758367467629134E-002
           3          12           1  -4.6277872527688046E-007
           4          12           1   5.2801567218144172E-007
           1          13           1  -2.9246259061524674E-008
           2          13           1  -1.4818428367471064E-008
           3          13           1  -4.3384774114627459E-007
           4          13           1   3.1805478760328473E-007
           1          14           1   3.4986579681020348E-008
           2          14           1  -4.7088484492894649E-003
           3          14           1   5.8201139204921423E-007
           4          14           1  -4.6410448112367150E-007
