# Energy [H] =    4.61698E-01
# <x> [b] =   -6.90893E-07
# <y> [b] =   -2.37778E-05
# <z> [b] =   -4.59628E-01
           1           5           1  -4.0941344180358873E-003
           2           5           1   2.9807139017434220E-005
           3           5           1  -3.2237683665544713E-002
           4           5           1   6.6493966643936693E-009
           1           6           1   3.0341599257614002E-007
           2           6           1   7.6800477445796864E-002
           3           6           1   9.1695066771658463E-007
           4           6           1  -1.9266102723818087E-009
           1           7           1  -4.4378278053506826E-009
           2           7           1  -3.2513040222123188E-009
           3           7           1   1.0752412771959972E-008
           4           7           1   1.7319972746041471E-002
           1           8           1  -2.2945732419485392E-003
           2           8           1  -1.0798595239431615E-006
           3           8           1   3.8074781079288168E-002
           4           8           1   8.7508772455976338E-009
           1           9           1  -1.5785354560410028E-003
           2           9           1  -1.9969190074592087E-006
           3           9           1 -0.18063700634948751     
           4           9           1  -1.2584826843756621E-008
           1          10           1   1.4823200419860743E-007
           2          10           1   3.0440479778417091E-002
           3          10           1   7.1251027689401766E-006
           4          10           1  -3.9182234295352290E-009
           1          11           1  -1.3063543000044329E-009
           2          11           1   2.0232787514374287E-007
           3          11           1   1.9111996519121648E-007
           4          11           1  -4.7774286199042709E-007
           1          12           1  -3.1615699076818098E-003
           2          12           1  -2.0651859593236248E-006
           3          12           1 -0.63352666853952755     
           4          12           1   4.1335563397158769E-009
           1          13           1  -2.6433096755090630E-009
           2          13           1   1.4877283072060867E-007
           3          13           1  -1.6365632006189124E-006
           4          13           1  -2.5252492998188960E-002
           1          14           1  -5.0477760030904876E-004
           2          14           1  -8.9992376155118399E-007
           3          14           1  0.74547159498202398     
           4          14           1  -5.9197633936335985E-008
