# Energy [H] =    3.86416E-01
# <x> [b] =    4.06345E-01
# <y> [b] =   -4.02136E-09
# <z> [b] =   -2.86272E-07
           1           5           1   2.0570698597996432E-008
           2           5           1  -1.0566013852958276E-008
           3           5           1   5.0559742078508368E-008
           4           5           1   2.3995044677409864E-002
           1           6           1  -1.7749548270600053E-009
           2           6           1  -5.6708380951153112E-008
           3           6           1   1.9939339480261424E-007
           4           6           1  -8.7846397680044467E-008
           1           7           1  -2.6667673438968238E-003
           2           7           1  -2.6696052344946653E-008
           3           7           1   1.1861995466433784E-002
           4           7           1  -1.3162511325423331E-007
           1           8           1   9.2171708486453205E-010
           2           8           1   2.3847955515858749E-009
           3           8           1   2.2804919055523450E-007
           4           8           1   1.2859561085798105E-002
           1           9           1   7.6513120134036797E-009
           2           9           1  -4.7347679385469792E-009
           3           9           1  -3.3555194505484607E-008
           4           9           1   4.9533628246431052E-002
           1          10           1  -1.6319400421845681E-009
           2          10           1   1.2047296142651731E-009
           3          10           1  -4.8939695973015121E-008
           4          10           1  -3.5442702235659481E-007
           1          11           1  -1.4222264548542448E-009
           2          11           1   3.6419860947874989E-003
           3          11           1  -1.9251201355660293E-008
           4          11           1  -1.1305724420579985E-007
           1          12           1   1.0977979287626591E-008
           2          12           1  -9.4099054955146410E-011
           3          12           1  -3.2607938971615648E-008
           4          12           1  0.37110072838177571     
           1          13           1  -7.3494192362256289E-004
           2          13           1  -4.6510501942236233E-009
           3          13           1  -2.1279443145796394E-002
           4          13           1  -8.5773336653214535E-007
           1          14           1   4.5877938981183394E-009
           2          14           1  -1.4085381804039259E-009
           3          14           1  -4.1229128897748197E-008
           4          14           1  0.92653931438358961     
