# Energy [H] =    4.03962E-01
# <x> [b] =    1.65283E-01
# <y> [b] =   -3.27179E-08
# <z> [b] =   -6.70373E-08
           1           5           1  -8.7133905644012149E-010
           2           5           1   1.2661002231398791E-008
           3           5           1   5.3624871183248672E-009
           4           5           1   1.1509689583817175E-002
           1           6           1   1.3866641699918715E-009
           2           6           1  -3.9554298230966084E-009
           3           6           1  -4.8375825661988604E-008
           4           6           1   5.0132948959076559E-009
           1           7           1  -5.6505083025755326E-003
           2           7           1   3.6124369448711078E-009
           3           7           1  0.99795193198997012     
           4           7           1   3.6158873851095856E-009
           1           8           1   2.7335632422738052E-010
           2           8           1   4.8444588005654562E-010
           3           8           1  -4.8888034480891102E-008
           4           8           1   2.4197292513313429E-004
           1           9           1   1.5921235398064250E-009
           2           9           1   5.5789083928284496E-009
           3           9           1   2.4956849885152744E-009
           4           9           1   3.3790595489290323E-002
           1          10           1  -1.0060446143881398E-009
           2          10           1  -3.4258441041278599E-009
           3          10           1   2.9121398398890232E-008
           4          10           1  -3.0993874589638411E-009
           1          11           1   3.4654036390526782E-009
           2          11           1  -3.1218565547621083E-003
           3          11           1   4.3899794891885271E-008
           4          11           1   4.2341568091627330E-008
           1          12           1   1.5654291859650057E-010
           2          12           1  -1.4873860116968959E-009
           3          12           1  -2.5746977762385755E-009
           4          12           1   4.2021186821098462E-002
           1          13           1  -4.1319628752171250E-004
           2          13           1   4.3441460625078936E-010
           3          13           1   2.8296910450284936E-003
           4          13           1   1.3466734187667258E-007
           1          14           1   1.0705419455114801E-009
           2          14           1   2.0612303894003720E-009
           3          14           1  -3.4806548340888896E-009
           4          14           1  -3.1653962340644860E-002
