# Energy [H] =    4.14705E-01
# <x> [b] =    1.80576E-07
# <y> [b] =   -1.23834E-08
# <z> [b] =   -2.97938E-03
           1           5           1  -1.6125137396739521E-002
           2           5           1   1.1011449462708841E-008
           3           5           1  -6.1260556251788841E-002
           4           5           1  -1.8076169782337810E-009
           1           6           1   5.1847337309532136E-009
           2           6           1  0.14570434594522827     
           3           6           1  -2.8782205609273676E-008
           4           6           1   6.5654774204401561E-009
           1           7           1  -1.3148239801374127E-009
           2           7           1  -6.1579050795321436E-009
           3           7           1   3.8625755188749192E-008
           4           7           1  0.13605338014756621     
           1           8           1  -8.5366738065651010E-003
           2           8           1   1.0452572389372883E-009
           3           8           1  0.94200048319995144     
           4           8           1   4.5797780872381375E-009
           1           9           1  -2.5773991679349439E-003
           2           9           1  -8.1799048226851284E-008
           3           9           1  0.21159920692019385     
           4           9           1  -8.8894062487351896E-008
           1          10           1   3.3119762209424078E-009
           2          10           1   2.3209016926112040E-002
           3          10           1  -9.2461642121514681E-008
           4          10           1   7.7968543551398502E-008
           1          11           1  -5.1528994133836161E-009
           2          11           1   3.4344528742311379E-007
           3          11           1  -2.6265922415624872E-007
           4          11           1  -1.9435105984544854E-007
           1          12           1  -8.4553920022333966E-003
           2          12           1   3.0997862602750456E-007
           3          12           1  0.10800142955453536     
           4          12           1  -3.0125010297694444E-008
           1          13           1  -3.4736220739061187E-009
           2          13           1   2.9875096035551597E-007
           3          13           1  -9.5313305553179572E-008
           4          13           1   7.7627703333369852E-002
           1          14           1  -2.2801674861425308E-003
           2          14           1  -3.7906767262948438E-007
           3          14           1   7.5647026476982418E-002
           4          14           1  -1.0034248515921317E-007
