# Energy [H] =    4.46936E-01
# <x> [b] =    1.69558E-07
# <y> [b] =   -1.77500E-06
# <z> [b] =   -2.52788E-01
           1           5           1   1.5043841212885685E-002
           2           5           1  -1.2529700948306734E-006
           3           5           1   3.1906248879855728E-002
           4           5           1  -2.4655667763101879E-009
           1           6           1  -5.0257550730136572E-008
           2           6           1  -9.4748206880959432E-002
           3           6           1   2.6804228905955536E-007
           4           6           1   4.4289789260932034E-009
           1           7           1   3.5923553778839792E-009
           2           7           1   1.5476334227696065E-008
           3           7           1  -9.6187806442609882E-009
           4           7           1  -5.4910894570170864E-002
           1           8           1   3.1675825728681552E-003
           2           8           1  -4.0292677923657138E-008
           3           8           1 -0.13239680280942157     
           4           8           1  -3.5729567341612162E-009
           1           9           1   4.1159914361182208E-003
           2           9           1  -1.1411239904896318E-007
           3           9           1  0.91300657166683730     
           4           9           1   1.7953528482199106E-008
           1          10           1  -5.0700481853704338E-009
           2          10           1  -3.6704223951480133E-003
           3          10           1   6.4954889978099224E-006
           4          10           1  -4.2465765675645853E-009
           1          11           1   2.7814261365189714E-009
           2          11           1  -2.1610797545522701E-007
           3          11           1   1.4249584090128337E-006
           4          11           1  -2.6694002471506430E-008
           1          12           1   7.5365947752373064E-003
           2          12           1  -2.1767439298118601E-007
           3          12           1 -0.36190109283061739     
           4          12           1  -4.7487606778239179E-009
           1          13           1   2.5195841648029027E-009
           2          13           1  -1.7489317369951829E-007
           3          13           1   1.4737754853211646E-007
           4          13           1  -8.2818114027459391E-003
           1          14           1   2.7118707374343336E-003
           2          14           1   1.5974211613570638E-007
           3          14           1  -6.7139711542842179E-002
           4          14           1   3.1876821716263303E-008
