# Energy [H] =    5.42518E-01
# <x> [b] =   -2.50858E-08
# <y> [b] =    2.29212E-01
# <z> [b] =   -7.61200E-08
           1           5           1   1.3621858893154317E-008
           2           5           1   2.7682402043188673E-002
           3           5           1   1.5266863376161382E-008
           4           5           1  -1.8496331120255494E-011
           1           6           1   2.5938349954396749E-003
           2           6           1   2.1220823959697186E-007
           3           6           1   6.4559638623664728E-003
           4           6           1  -1.3872212325408277E-009
           1           7           1  -1.3229552505479908E-010
           2           7           1   1.3622421124988392E-007
           3           7           1  -6.5162880933049917E-010
           4           7           1  -2.0309643561222302E-008
           1           8           1   2.9393178234727912E-009
           2           8           1  0.99705916712777320     
           3           8           1  -2.8519337948851625E-008
           4           8           1  -1.3124550865659596E-009
           1           9           1  -7.3376745562909110E-010
           2           9           1  -4.6808145745041801E-002
           3           9           1   1.5736972212662003E-008
           4           9           1   6.0438040728957553E-010
           1          10           1   3.5433376887546546E-003
           2          10           1  -2.4673823748592227E-008
           3          10           1   1.2500762859716108E-002
           4          10           1  -2.1692518700315073E-009
           1          11           1   1.3064259377428222E-008
           2          11           1  -2.7263107279588892E-008
           3          11           1   3.1987689937857430E-008
           4          11           1  -2.0957302311757704E-003
           1          12           1   2.2316635417351563E-008
           2          12           1  -5.0856474746262002E-002
           3          12           1   6.8343863713787993E-008
           4          12           1  -4.1635319809291878E-009
           1          13           1   1.5345175939307286E-008
           2          13           1   2.8168029632626352E-009
           3          13           1   3.9133283248743948E-008
           4          13           1  -5.1630265320833199E-009
           1          14           1  -1.7702089377779871E-008
           2          14           1  -1.0377595250285416E-002
           3          14           1  -2.8270516425348427E-008
           4          14           1  -8.0427448323298616E-010
