# Energy [H] =    5.86205E-01
# <x> [b] =    2.74933E-07
# <y> [b] =   -3.67702E-01
# <z> [b] =    3.55766E-06
           1           5           1  -9.3554767888210734E-008
           2           5           1   1.8463471846648920E-002
           3           5           1   4.8772456683512067E-008
           4           5           1  -2.9509918214239089E-009
           1           6           1  -8.8948923229859537E-003
           2           6           1   1.8971957946585826E-007
           3           6           1   1.5848958885034518E-002
           4           6           1   6.1939584917907564E-010
           1           7           1   4.3560309556236347E-009
           2           7           1   1.2509547525950448E-008
           3           7           1  -7.4249591481235289E-009
           4           7           1   1.7864609457261577E-008
           1           8           1   3.9435278668986296E-008
           2           8           1   1.2155644208160593E-002
           3           8           1  -7.5351298990859135E-009
           4           8           1   1.2141220223292766E-010
           1           9           1  -1.8219061630169738E-008
           2           9           1  0.84444651005515425     
           3           9           1  -5.0050586358481744E-008
           4           9           1  -6.1070899376963454E-009
           1          10           1   2.4605297643793183E-004
           2          10           1   9.3126367605288839E-006
           3          10           1   3.3986414770289484E-002
           4          10           1   3.2577083492664821E-009
           1          11           1  -1.1742592266428956E-008
           2          11           1  -5.4751729620365119E-007
           3          11           1   1.4272255557884649E-007
           4          11           1  -8.3792727213518586E-003
           1          12           1  -4.6515661821211160E-008
           2          12           1 -0.53051610911711877     
           3          12           1   4.1296210927901894E-007
           4          12           1  -2.9131720184023013E-010
           1          13           1  -1.6885016239116935E-008
           2          13           1  -1.6655184130920625E-007
           3          13           1   1.9095913326059296E-007
           4          13           1   7.0535072035394608E-008
           1          14           1  -3.2564187703437741E-009
           2          14           1   5.8467361042088856E-002
           3          14           1  -2.6099288850290930E-007
           4          14           1   9.0249139269531199E-009
