# Energy [H] =    6.01915E-01
# <x> [b] =    1.18355E-08
# <y> [b] =   -3.00806E-06
# <z> [b] =   -2.35998E-05
           1           5           1   2.5451264910730965E-006
           2           5           1  -4.2192484956085744E-007
           3           5           1   2.3930827077593071E-006
           4           5           1   2.2007808180426673E-010
           1           6           1  -3.4717303713688937E-008
           2           6           1   1.3727614580476700E-005
           3           6           1  -1.2270023844413082E-007
           4           6           1  -1.2801236585265783E-003
           1           7           1  -1.1306262030449691E-010
           2           7           1   4.8626266474127667E-003
           3           7           1  -3.4057486604237372E-010
           4           7           1  -2.9896786178702935E-006
           1           8           1   7.9822052942214542E-007
           2           8           1  -3.5092139839674156E-007
           3           8           1  -3.6557355192994755E-006
           4           8           1  -3.6357246159620005E-010
           1           9           1   4.9474525163082190E-007
           2           9           1  -3.9586691583037300E-006
           3           9           1   2.5721185154743844E-006
           4           9           1   1.4931891235689070E-009
           1          10           1  -4.1790939695109472E-008
           2          10           1   2.9608941184785878E-005
           3          10           1  -1.8927941238400490E-007
           4          10           1  -4.9459301873082681E-003
           1          11           1  -4.0024555210036865E-004
           2          11           1  -7.1596935324364401E-009
           3          11           1   4.9084118439008057E-003
           4          11           1   1.2769273747180339E-007
           1          12           1   1.3590178705549621E-006
           2          12           1  -5.5356066043285978E-006
           3          12           1   3.9967261680729306E-006
           4          12           1  -5.5377368251696429E-009
           1          13           1  -6.9549701201205527E-012
           2          13           1  0.99996299928530841     
           3          13           1  -3.2092823193442099E-009
           4          13           1  -2.6698408093671701E-007
           1          14           1   2.8028717221509935E-007
           2          14           1   1.0140325351616280E-005
           3          14           1   1.5697377142987765E-006
           4          14           1   5.3448978486431597E-009
