# Energy [H] =    5.53467E-01
# <x> [b] =   -1.19820E-08
# <y> [b] =   -1.17843E-07
# <z> [b] =    2.30222E-01
           1           5           1   8.2172240656998449E-002
           2           5           1  -9.4823221940522709E-008
           3           5           1   7.9862396221543716E-002
           4           5           1   1.3354026372996694E-009
           1           6           1  -3.7969359524731213E-008
           2           6           1  0.87052413386992267     
           3           6           1   4.5899650987289383E-009
           4           6           1   7.3892168766452392E-009
           1           7           1   3.6689798020969200E-009
           2           7           1  -2.3957383957225342E-007
           3           7           1  -1.7424901486715052E-009
           4           7           1 -0.11653422080276880     
           1           8           1   1.5150642326583964E-002
           2           8           1  -2.6871564758635662E-007
           3           8           1 -0.14823712315947385     
           4           8           1  -1.6778053131396904E-009
           1           9           1   1.7346748095960540E-002
           2           9           1   1.6406397362133898E-006
           3           9           1  0.11715668658282122     
           4           9           1   5.1456427055941154E-008
           1          10           1  -2.9247872536573525E-008
           2          10           1 -0.38673623662205825     
           3          10           1  -4.3170028206253771E-008
           4          10           1  -2.5034977727259403E-008
           1          11           1   9.2822316515275133E-009
           2          11           1   3.0394426048496631E-008
           3          11           1  -1.8488154417266885E-007
           4          11           1   1.2002079405864004E-007
           1          12           1   4.2118993333296710E-002
           2          12           1  -3.4261393569195154E-006
           3          12           1  0.13974105745511772     
           4          12           1   1.5106662476468466E-008
           1          13           1   3.5089418479835610E-009
           2          13           1  -2.8726445836112387E-006
           3          13           1  -1.2338592378533531E-007
           4          13           1  -2.6321697087502281E-002
           1          14           1   1.2270764555228167E-002
           2          14           1   3.7551946591434063E-006
           3          14           1   8.6815608325838609E-002
           4          14           1   4.3739644501269895E-008
