# Energy [H] =    6.02106E-01
# <x> [b] =    9.26149E-08
# <y> [b] =    2.21332E-01
# <z> [b] =   -3.22711E-05
           1           5           1  -3.5029589509096301E-006
           2           5           1  -2.8511015589098798E-002
           3           5           1  -3.2840300915985734E-006
           4           5           1  -1.9076344071814261E-010
           1           6           1  -1.3308911139874465E-003
           2           6           1  -1.8807619317056038E-005
           3           6           1  -9.1121493189861638E-003
           4           6           1   1.4576650559725248E-008
           1           7           1   2.5303622399934082E-009
           2           7           1  -5.9526104221488892E-008
           3           7           1  -8.7959450320121383E-010
           4           7           1   4.1035312652639719E-006
           1           8           1  -1.0953079816053371E-006
           2           8           1  -2.3062987174649587E-002
           3           8           1   5.0157732178083753E-006
           4           8           1  -1.3413690181182781E-009
           1           9           1  -6.7781949534350604E-007
           2           9           1 -0.29668919619417289     
           3           9           1  -3.5140645749899113E-006
           4           9           1  -6.3887165978712556E-009
           1          10           1  -2.9760060689454112E-003
           2          10           1  -4.0137370881911187E-005
           3          10           1  -1.3824494704971525E-002
           4          10           1   6.0737586452230220E-008
           1          11           1  -6.8691035594111896E-009
           2          11           1  -1.9996515627672629E-007
           3          11           1  -1.2925020004088271E-007
           4          11           1   1.0164342749256389E-002
           1          12           1  -1.8822970425932536E-006
           2          12           1 -0.37855678336473492     
           3          12           1  -5.5616389513401250E-006
           4          12           1  -7.0374558349796383E-010
           1          13           1  -1.2552825757943872E-008
           2          13           1  -1.2173425818745733E-005
           3          13           1  -9.1263561168101866E-008
           4          13           1   3.5937331983660162E-007
           1          14           1  -3.6901885547776066E-007
           2          14           1  0.87574962823059221     
           3          14           1  -2.0437349706812940E-006
           4          14           1   1.3181700473285264E-009
