# Energy [H] =    4.63382E-01
# <x> [b] =    2.65363E-05
# <y> [b] =   -8.79784E-01
# <z> [b] =    1.45292E-05
           1           5           1   1.8161498118100757E-007
           2           5           1  0.93239533972736943     
           3           5           1   1.1531409717050915E-006
           4           5           1  -2.7520071086944868E-007
           1           6           1   5.2828719412423408E-003
           2           6           1  -2.9149130918705063E-006
           3           6           1   5.8464737166166972E-002
           4           6           1   1.3285685807611985E-008
           1           7           1   1.4670852027188095E-007
           2           7           1   5.0436693512468970E-009
           3           7           1  -1.6716086266843070E-007
           4           7           1  -6.5429512264073735E-007
           1           8           1   7.7443444477195780E-008
           2           8           1  -3.8689884445197657E-002
           3           8           1  -1.3719044935259260E-006
           4           8           1  -5.9700426244697848E-008
           1           9           1   5.9758922189305585E-008
           2           9           1  -8.2262401173906943E-002
           3           9           1   5.3051489362386362E-006
           4           9           1   3.2564617738052083E-007
           1          10           1   4.0841076320967534E-003
           2          10           1  -1.0272196761498265E-006
           3          10           1  0.33368827100019782     
           4          10           1   2.5439098175384725E-008
           1          11           1   2.5045534301252884E-008
           2          11           1   3.1546471824129376E-007
           3          11           1   2.1421056626618624E-006
           4          11           1  -2.5471433163934038E-002
           1          12           1   1.5766803588369952E-007
           2          12           1  -7.8850088887955208E-002
           3          12           1   2.1610271595460011E-005
           4          12           1  -2.1359424889887679E-007
           1          13           1   8.1757475474567333E-008
           2          13           1  -5.0819119689302457E-008
           3          13           1   7.3930718492619098E-005
           4          13           1   7.4248220705470904E-007
           1          14           1  -1.4729461337654159E-008
           2          14           1  -2.6423615141628751E-002
           3          14           1  -2.0933075714612410E-005
           4          14           1   1.7876364858283412E-006
