# Energy [H] =    5.88953E-01
# <x> [b] =   -3.20787E-01
# <y> [b] =   -3.28538E-07
# <z> [b] =   -2.55751E-06
           1           5           1  -9.6587462519600157E-008
           2           5           1   1.1449281781951765E-009
           3           5           1  -1.2937291144252746E-007
           4           5           1   3.1977066539447150E-003
           1           6           1  -1.1850431381893028E-008
           2           6           1  -2.4779456810813592E-006
           3           6           1   9.9385257353853472E-009
           4           6           1   5.3236510256599696E-010
           1           7           1  -4.4799441788224599E-003
           2           7           1  -1.7426177661246031E-011
           3           7           1   2.6818318251335652E-003
           4           7           1   1.5298961442514299E-007
           1           8           1  -4.8394591394612179E-008
           2           8           1   5.4512553072171415E-009
           3           8           1   1.9888113851061932E-007
           4           8           1   1.8775131538642813E-003
           1           9           1  -1.5108010066965752E-008
           2           9           1   2.3771730830513734E-007
           3           9           1  -1.2488480891667773E-007
           4           9           1   8.9727846983463609E-003
           1          10           1  -1.1521985248450634E-009
           2          10           1  -5.8445768959249249E-006
           3          10           1   2.3721198037829959E-008
           4          10           1  -4.4691895974944561E-010
           1          11           1   1.9318497453168521E-009
           2          11           1  0.99991744556782958     
           3          11           1  -8.0903342367319004E-009
           4          11           1  -3.3203375107284169E-009
           1          12           1  -5.8456098408909075E-008
           2          12           1  -6.5031985984467521E-007
           3          12           1  -3.0196944664655544E-007
           4          12           1  -1.0190798246517657E-003
           1          13           1  -1.4246908559796684E-003
           2          13           1   7.3950888979916630E-009
           3          13           1  -4.7220509078777081E-003
           4          13           1   8.6173408986515118E-009
           1          14           1  -5.9155328593262950E-009
           2          14           1   2.7667108607769466E-008
           3          14           1  -9.4979539932774164E-008
           4          14           1  -4.2676228861720849E-003
