# Energy [H] =    5.98122E-01
# <x> [b] =   -2.08107E-06
# <y> [b] =    1.33932E-05
# <z> [b] =    6.37694E-01
           1           5           1   5.7306357059614475E-002
           2           5           1  -1.4890923386044065E-006
           3           5           1   5.8317293116354967E-002
           4           5           1   2.0803541523843941E-008
           1           6           1   4.9494752619579987E-009
           2           6           1  0.34247273064035938     
           3           6           1  -5.6064507721530669E-007
           4           6           1   4.2366408408115682E-008
           1           7           1  -2.6688282066634640E-008
           2           7           1  -2.0954772385417494E-007
           3           7           1   1.7426099614519378E-008
           4           7           1  -7.1337007323813401E-002
           1           8           1   1.9552998466428960E-002
           2           8           1  -1.2222677714016821E-006
           3           8           1  -8.8296802535339211E-002
           4           8           1   9.8870101537306774E-009
           1           9           1   1.1081747670359169E-002
           2           9           1  -2.0840755335858422E-005
           3           9           1   6.1930289460085969E-002
           4           9           1   9.0187022389733874E-008
           1          10           1  -1.5481729486929433E-007
           2          10           1  0.91974626504782941     
           3          10           1  -1.0034688560482939E-006
           4          10           1   1.4722379402306409E-007
           1          11           1   2.2087958030993762E-008
           2          11           1   6.3097884531331210E-006
           3          11           1  -2.7189548691337757E-007
           4          11           1   6.0985356188535364E-007
           1          12           1   3.1224791674517905E-002
           2          12           1  -1.2706927338218945E-005
           3          12           1  0.10197333075831236     
           4          12           1   1.7594576024865396E-009
           1          13           1  -4.1684376022987368E-009
           2          13           1  -3.3446994132701701E-005
           3          13           1  -1.0538805800852286E-007
           4          13           1  -4.8794464099674020E-003
           1          14           1   5.9839040871798631E-003
           2          14           1   3.9222187065497205E-005
           3          14           1   3.7886206893117745E-002
           4          14           1  -4.3294499616533632E-009
