# Energy [H] =    5.40536E-01
# <x> [b] =    2.51390E-09
# <y> [b] =    1.33888E-08
# <z> [b] =    3.65963E-08
           1           5           1   1.4940004420286209E-008
           2           5           1   2.9366982773604205E-009
           3           5           1   1.3774863711994490E-008
           4           5           1  -4.9801770939368389E-010
           1           6           1   8.3648737725432387E-010
           2           6           1   2.1604856095422433E-007
           3           6           1  -8.9849117268345570E-010
           4           6           1   1.2229935634317830E-004
           1           7           1  -7.1771385114919976E-011
           2           7           1  0.99995726284448938     
           3           7           1  -1.2334221669754989E-009
           4           7           1  -2.1876491116539291E-008
           1           8           1   2.3906173749845033E-009
           2           8           1  -1.3650309137739932E-007
           3           8           1  -2.8728252531222660E-008
           4           8           1  -8.4854901072166857E-011
           1           9           1   3.3641732926006777E-009
           2           9           1  -7.8442474357096816E-009
           3           9           1   2.2124970064403374E-008
           4           9           1   6.7559773589992226E-009
           1          10           1  -1.4039658231872055E-010
           2          10           1  -4.3121567104749016E-008
           3          10           1  -1.3682555252519743E-009
           4          10           1  -4.6476636263911488E-003
           1          11           1  -1.2702034562021107E-003
           2          11           1   7.4294896168911902E-011
           3          11           1  -6.2183823371616933E-003
           4          11           1  -2.2288754775382026E-008
           1          12           1   7.5215562118712464E-009
           2          12           1   7.8477306273967400E-009
           3          12           1   3.3121271245495096E-008
           4          12           1  -2.7358637430524398E-008
           1          13           1  -3.3571925161708142E-011
           2          13           1  -4.8554149618885833E-003
           3          13           1  -1.1736296864755576E-009
           4          13           1  -3.6109591315748216E-008
           1          14           1   2.7397445392248663E-009
           2          14           1  -2.6642401994580780E-009
           3          14           1   2.1387763900263429E-008
           4          14           1   3.7488592333334988E-008
