# Energy [H] =    4.67108E-01
# <x> [b] =    3.41684E-08
# <y> [b] =   -2.98568E-06
# <z> [b] =   -1.14175E-01
           1           5           1   2.6404980705949450E-002
           2           5           1  -2.3910310399558734E-006
           3           5           1   7.6797903076757462E-002
           4           5           1  -3.5314721361110832E-009
           1           6           1   4.6944175728737075E-009
           2           6           1 -0.26197839025509528     
           3           6           1  -2.9962568875746008E-007
           4           6           1   8.2725539754843461E-009
           1           7           1   3.4275752421355113E-009
           2           7           1   3.4875920738553621E-009
           3           7           1  -3.4672746623928216E-009
           4           7           1  -6.7014369643152161E-002
           1           8           1   4.1811571448307303E-003
           2           8           1   1.2657735706984237E-007
           3           8           1 -0.12535797338665414     
           4           8           1   5.4224801118603751E-009
           1           9           1   8.4784986877586947E-003
           2           9           1   4.3848263886322142E-007
           3           9           1  0.25091867060165024     
           4           9           1   1.4145577003343761E-008
           1          10           1  -1.5073699128549542E-008
           2          10           1  -4.2193783197458014E-002
           3          10           1  -1.5116850438998928E-006
           4          10           1  -1.2970995934577645E-008
           1          11           1   3.8517346266905608E-009
           2          11           1  -5.6246466571601374E-007
           3          11           1  -3.0784515762899089E-007
           4          11           1   1.9776630523908304E-007
           1          12           1   1.3912846517521940E-002
           2          12           1  -1.0720869383729857E-007
           3          12           1  0.64593628585268958     
           4          12           1   2.1865359876053775E-008
           1          13           1   2.5714569532116094E-009
           2          13           1  -3.3855082062765627E-007
           3          13           1  -7.8219615506195244E-007
           4          13           1  -4.3977539916015820E-003
           1          14           1   4.7284577748265043E-003
           2          14           1   5.3487251507681391E-007
           3          14           1  0.64982137701960774     
           4          14           1   3.1784954318203698E-008
