# Energy [H] =    1.04058E+00
# <x> [b] =   -5.07648E-08
# <y> [b] =   -3.65755E-02
# <z> [b] =    1.31862E-07
           1           5           1  -4.7701996792879244E-007
           2           5           1  -6.1468484444026908E-003
           3           5           1   3.0109602523717687E-008
           4           5           1  -5.8743439355525879E-010
           1           6           1   7.4363947667297828E-002
           2           6           1   1.8899748486945470E-008
           3           6           1   2.7553086361965895E-003
           4           6           1   1.1271499510023149E-008
           1           7           1  -2.9168703675847502E-008
           2           7           1  -1.2952774025568405E-008
           3           7           1   2.9375736073911602E-010
           4           7           1  -3.1418372092182175E-008
           1           8           1   1.9242682561757136E-007
           2           8           1  -4.1332617763774468E-003
           3           8           1  -1.3476832968429659E-012
           4           8           1   7.5040973447309190E-010
           1           9           1  -9.9528264951735976E-006
           2           9           1  -3.7338149333217686E-003
           3           9           1   2.2840262300794183E-008
           4           9           1  -1.2407531189948014E-009
           1          10           1  0.99716718156240025     
           2          10           1   1.2506397702275112E-009
           3          10           1   1.6874345134005326E-004
           4          10           1   1.2865724030482869E-009
           1          11           1  -9.8602359645041469E-006
           2          11           1  -4.1623478488435911E-009
           3          11           1   5.7094509162184217E-009
           4          11           1   1.8934287525657236E-004
           1          12           1   3.6328161845423654E-006
           2          12           1  -7.0671321210039406E-003
           3          12           1   3.6407423770446573E-008
           4          12           1  -8.6063216910144301E-010
           1          13           1  -1.7186297028753439E-006
           2          13           1  -6.1027084236403221E-009
           3          13           1   1.1415522849723816E-008
           4          13           1  -1.5113473039822096E-008
           1          14           1   3.3822459613560636E-006
           2          14           1  -1.0980429179097612E-003
           3          14           1   6.0480230624988692E-009
           4          14           1   5.0035932024457796E-010
