# Energy [H] =    1.05628E+00
# <x> [b] =   -2.27814E-02
# <y> [b] =    6.07418E-07
# <z> [b] =    2.64263E-08
           1           5           1   3.3756947508706556E-008
           2           5           1  -6.6350709508795605E-008
           3           5           1  -5.4491911947373705E-009
           4           5           1   1.8822445174780417E-003
           1           6           1   8.9158644322322804E-007
           2           6           1  -1.3898250375246328E-008
           3           6           1   3.7907636110576433E-008
           4           6           1  -4.0054037191740806E-011
           1           7           1   3.4957818993122461E-002
           2           7           1  -1.5190104371985855E-011
           3           7           1   4.2401746978830142E-004
           4           7           1   9.6160936982581842E-009
           1           8           1   6.3739726985672890E-008
           2           8           1  -2.6682722138442326E-008
           3           8           1   8.4188677274063400E-009
           4           8           1  -5.7966610647895375E-005
           1           9           1   7.9819430975011360E-008
           2           9           1  -1.3729621380373986E-008
           3           9           1  -5.7822349178967752E-009
           4           9           1   2.0315297703010341E-003
           1          10           1   1.6557986086714681E-006
           2          10           1  -8.8304095749423866E-009
           3          10           1   2.5378641293365583E-008
           4          10           1  -1.3090215557364142E-009
           1          11           1  -7.6502558387217861E-008
           2          11           1   1.5531714357432979E-003
           3          11           1  -9.8037846820115709E-010
           4          11           1  -7.2808530620511607E-009
           1          12           1   4.2615738389995745E-007
           2          12           1  -7.1276875927134689E-008
           3          12           1  -6.0386636242757763E-009
           4          12           1   2.3108156523539546E-003
           1          13           1  0.99938067862303726     
           2          13           1  -2.0862193491337824E-012
           3          13           1  -7.4665020993027918E-004
           4          13           1   2.3594124477797233E-009
           1          14           1  -1.1174096861091750E-006
           2          14           1  -1.5945087893432042E-008
           3          14           1  -2.2739563883222045E-009
           4          14           1  -2.1742954609761317E-004
