# Energy [H] =    1.03922E+00
# <x> [b] =    2.63903E-08
# <y> [b] =   -1.02977E-07
# <z> [b] =   -2.53740E-02
           1           5           1   3.1186032975417798E-002
           2           5           1  -3.5951160114193673E-008
           3           5           1  -1.4404584279774754E-003
           4           5           1  -2.0234021069562905E-009
           1           6           1   2.8963191397297911E-007
           2           6           1   1.6381173935932180E-003
           3           6           1   1.1117958208039118E-008
           4           6           1   2.1524589099512340E-010
           1           7           1  -4.8184543943426509E-008
           2           7           1  -2.8190633802822573E-010
           3           7           1  -1.5511546813799363E-009
           4           7           1   9.2653092264684440E-004
           1           8           1  -2.4852316144544934E-002
           2           8           1  -3.4213775809760297E-008
           3           8           1  -1.1708904985068026E-003
           4           8           1  -9.9344289929917963E-010
           1           9           1  0.90825772728030518     
           2           9           1  -3.8837220607858937E-008
           3           9           1  -1.3006858055158138E-003
           4           9           1  -1.5928262564357270E-009
           1          10           1   1.0829563417718937E-005
           2          10           1   1.7419958053799453E-003
           3          10           1  -1.3301982359375625E-008
           4          10           1   1.0108473908860416E-009
           1          11           1   6.5428942757299497E-010
           2          11           1   4.5286735625241147E-009
           3          11           1  -2.0487949302907273E-009
           4          11           1   6.7426046010009556E-009
           1          12           1 -0.40826290061756165     
           2          12           1  -3.6873408737751542E-008
           3          12           1  -1.0756214641603388E-003
           4          12           1  -2.2499383700201127E-009
           1          13           1   1.1676909587869701E-008
           2          13           1   6.7802213484509401E-009
           3          13           1  -1.1552217396397992E-009
           4          13           1   1.1011356878733356E-003
           1          14           1  -8.2362090677852870E-002
           2          14           1  -1.3044646351419992E-008
           3          14           1  -1.2250954175432505E-003
           4          14           1  -5.4801295862242179E-010
