# Energy [H] =    9.40287E-01
# <x> [b] =    5.67230E-08
# <y> [b] =   -2.86811E-08
# <z> [b] =   -9.63919E-02
           1           5           1  0.95338051081104813     
           2           5           1  -4.2278218405825977E-009
           3           5           1  -2.4418138346256946E-002
           4           5           1  -5.3383406042738933E-010
           1           6           1   1.0668649205109974E-007
           2           6           1  -6.1368480609584504E-002
           3           6           1   1.9933285297370502E-010
           4           6           1  -5.6827808971487994E-010
           1           7           1  -2.8161804440034663E-008
           2           7           1   3.3149923208922867E-009
           3           7           1   1.8460252133664378E-010
           4           7           1   3.3070422558408683E-002
           1           8           1  -3.1486243052766254E-002
           2           8           1  -1.8514107127345453E-009
           3           8           1   2.4730035476218944E-002
           4           8           1   4.8786029729881534E-010
           1           9           1 -0.14616134399034153     
           2           9           1   6.2783233119331403E-008
           3           9           1  -2.2327050662580554E-002
           4           9           1  -1.3881754545638929E-008
           1          10           1   1.1619839368979514E-007
           2          10           1  -1.4579627906220921E-002
           3          10           1   1.3873048026351116E-008
           4          10           1   1.3820568512619055E-008
           1          11           1  -1.5462409106100870E-008
           2          11           1  -1.8709905889324050E-007
           3          11           1   1.6812010205405286E-008
           4          11           1  -2.1133028479592967E-008
           1          12           1 -0.23484140026418840     
           2          12           1  -2.8809595320714030E-007
           3          12           1  -2.1429368586670841E-002
           4          12           1  -2.7531291034679569E-009
           1          13           1  -5.4595883832439902E-009
           2          13           1  -2.9606576736441711E-007
           3          13           1   1.2159753672370836E-008
           4          13           1   1.0037993967821490E-002
           1          14           1  -7.7307465963319486E-002
           2          14           1   3.8050706434433515E-007
           3          14           1  -1.5669931632398135E-002
           4          14           1  -1.0745063803820407E-008
