# Energy [H] =    1.04266E+00
# <x> [b] =    6.35516E-08
# <y> [b] =   -7.71828E-07
# <z> [b] =   -7.91263E-08
           1           5           1  -1.4480690777092864E-011
           2           5           1  -1.0570364118542803E-007
           3           5           1  -2.3111693778357139E-009
           4           5           1  -3.9983184261840964E-009
           1           6           1   1.4184546236743059E-006
           2           6           1  -6.0149583335168666E-009
           3           6           1   5.2584897002226427E-008
           4           6           1  -1.1574916309235669E-003
           1           7           1  -1.0033725239551458E-007
           2           7           1   1.2726634533014216E-003
           3           7           1  -3.3971282877016641E-009
           4           7           1   4.3964060864488796E-009
           1           8           1   7.1581719507910362E-008
           2           8           1  -5.7813488059542737E-008
           3           8           1   7.1653933649288536E-009
           4           8           1  -2.5425014895793903E-009
           1           9           1  -2.6531697733576231E-008
           2           9           1  -4.5607376532350295E-008
           3           9           1  -3.3335536206382041E-009
           4           9           1  -1.8252546859339642E-009
           1          10           1   9.7804082441919150E-006
           2          10           1  -4.5111373535741471E-009
           3          10           1   1.9829929294080105E-008
           4          10           1  -1.3449437331481491E-004
           1          11           1  0.99999842195629951     
           2          11           1  -2.2107165710515585E-009
           3          11           1   1.5952444185570971E-004
           4          11           1  -6.3788215002736179E-009
           1          12           1  -7.1146949618559199E-008
           2          12           1  -1.1850239771793707E-007
           3          12           1  -2.5850993494437689E-009
           4          12           1  -8.5624403387860958E-009
           1          13           1   8.0079373832506652E-008
           2          13           1   3.9114096201723166E-004
           3          13           1   5.3277103171116697E-010
           4          13           1  -3.4542397389985828E-009
           1          14           1   4.7571745897322894E-008
           2          14           1  -2.1894472917383109E-008
           3          14           1  -1.3551418749644899E-009
           4          14           1   4.9207628597647236E-009
