# Energy [H] =    9.82155E-01
# <x> [b] =    3.52034E-08
# <y> [b] =    9.54125E-02
# <z> [b] =    1.02492E-07
           1           5           1  -1.4706188966865701E-007
           2           5           1  -1.0120837698904088E-002
           3           5           1   1.0406865378843643E-008
           4           5           1  -9.6552552966098956E-010
           1           6           1  0.99699698327911612     
           2           6           1   2.6496562039353616E-008
           3           6           1   9.3815501037970254E-003
           4           6           1   1.1697579731095547E-009
           1           7           1   1.4041728852396351E-007
           2           7           1  -1.7018766401749858E-009
           3           7           1  -5.7657195947466912E-010
           4           7           1  -1.4517655575918244E-008
           1           8           1   9.9914595669724286E-008
           2           8           1  -2.7084228922958434E-003
           3           8           1  -9.1858378641495356E-009
           4           8           1   5.0874328859402645E-010
           1           9           1   3.3645868979907420E-007
           2           9           1   3.0804008424199919E-003
           3           9           1  -3.5935200063333127E-009
           4           9           1  -3.1582428651599460E-010
           1          10           1  -7.4526020022788159E-002
           2          10           1   1.5274886910099278E-008
           3          10           1   8.9756914230390873E-003
           4          10           1  -5.0175193905043110E-010
           1          11           1  -6.8853074380157278E-007
           2          11           1   3.0044958699030206E-009
           3          11           1   4.4389536498190667E-008
           4          11           1  -3.2649592498609423E-003
           1          12           1  -7.4360633308290606E-007
           2          12           1  -1.1670447467331145E-002
           3          12           1   6.4715923081547098E-008
           4          12           1  -1.4527868857401674E-009
           1          13           1  -7.7303680725967495E-007
           2          13           1   5.6804197803364197E-009
           3          13           1   5.7054744569821432E-008
           4          13           1  -2.9293171628838739E-009
           1          14           1   1.0274249771733235E-006
           2          14           1  -2.8628774935194881E-003
           3          14           1  -6.7490020675645317E-008
           4          14           1   1.4507908188456776E-009
