# Energy [H] =    6.07486E-01
# <x> [b] =    1.88941E-08
# <y> [b] =   -6.76517E-01
# <z> [b] =    3.54374E-07
           1           5           1   2.8007146064177467E-008
           2           5           1   9.6282548518628885E-002
           3           5           1   2.6703105449860510E-008
           4           5           1   5.3738496787244284E-010
           1           6           1   9.7215119879910435E-003
           2           6           1   1.2211300330227238E-007
           3           6           1   2.9376825298351235E-002
           4           6           1  -1.6982874633659418E-009
           1           7           1  -1.4080290224417380E-009
           2           7           1   1.2981550821886475E-008
           3           7           1  -2.1079583836780131E-009
           4           7           1  -2.9379557343172381E-008
           1           8           1   8.3240650729861075E-009
           2           8           1   6.0086972781311955E-002
           3           8           1  -3.3085332130506676E-008
           4           8           1  -1.7996082744597297E-009
           1           9           1  -7.2659803218199143E-009
           2           9           1  0.43375812149682708     
           3           9           1  -1.7068489568116120E-008
           4           9           1   3.4204944652753043E-009
           1          10           1   7.5135149125093621E-003
           2          10           1   7.9584654961382246E-008
           3          10           1   5.3711333092702575E-002
           4          10           1  -8.9850299711344377E-009
           1          11           1   4.2570554362665740E-008
           2          11           1   3.7218718163609336E-007
           3          11           1   1.9433579155941853E-007
           4          11           1  -1.8423851625300955E-002
           1          12           1   6.6102205289607402E-008
           2          12           1  0.75232030372607994     
           3          12           1   2.6742089452962912E-007
           4          12           1  -6.5184480140603083E-009
           1          13           1   5.1168120739756566E-008
           2          13           1   1.1092431804918200E-006
           3          13           1   2.4039380196920117E-007
           4          13           1  -3.4734918042985825E-009
           1          14           1  -6.2980853202284553E-008
           2          14           1  0.47827709020036502     
           3          14           1  -2.9494541266812658E-007
           4          14           1   4.8227864343874699E-009
