# Energy [H] =    1.05543E+00
# <x> [b] =   -4.44212E-08
# <y> [b] =   -9.37539E-07
# <z> [b] =    2.96022E-02
           1           5           1  -2.7331751401498697E-002
           2           5           1   1.0341248945166911E-007
           3           5           1   3.2160714908378058E-003
           4           5           1   9.9423772939442179E-010
           1           6           1  -1.3872213636347277E-006
           2           6           1   8.7578154379311986E-003
           3           6           1  -5.8608343680862220E-008
           4           6           1   4.3501992212157731E-010
           1           7           1   1.2410785949387008E-008
           2           7           1  -1.1025486436420955E-009
           3           7           1  -3.4244577527645486E-010
           4           7           1  -5.4536669425883687E-003
           1           8           1  -2.1367332965584861E-002
           2           8           1   4.1513045868839559E-008
           3           8           1  -3.4228160564264446E-003
           4           8           1  -7.1650053776860583E-010
           1           9           1  -8.0798364120954078E-002
           2           9           1   1.0855984064870064E-008
           3           9           1   2.5601789815636144E-003
           4           9           1   3.6341489766007769E-009
           1          10           1  -2.5127263257134933E-006
           2          10           1   4.7622463720303617E-003
           3          10           1  -4.2333249998519896E-008
           4          10           1  -1.5317731079540519E-009
           1          11           1  -7.0633651260369458E-008
           2          11           1   3.3757108949894409E-008
           3          11           1  -3.1830864449779893E-009
           4          11           1   1.5887211881855411E-008
           1          12           1 -0.36729763787576669     
           2          12           1   1.5617297400739856E-007
           3          12           1   3.2809448683568665E-003
           4          12           1   1.8525170561207387E-009
           1          13           1   1.2003584161747297E-006
           2          13           1   4.6406521265331896E-008
           3          13           1  -2.4802464860738582E-009
           4          13           1  -6.7134668268128256E-004
           1          14           1  0.92584531043811646     
           2          14           1  -3.6130064613543922E-008
           3          14           1   1.4119954184705328E-003
           4          14           1   9.8490480532429717E-010
