# Energy [H] =    1.00109E+00
# <x> [b] =    2.44996E-02
# <y> [b] =   -3.88214E-08
# <z> [b] =    6.35164E-10
           1           5           1   3.2024389962403259E-008
           2           5           1   4.5672303484627364E-009
           3           5           1  -2.4319399717939011E-009
           4           5           1   5.7974099746460643E-003
           1           6           1  -1.6895266996970596E-007
           2           6           1  -7.2969111003642760E-009
           3           6           1  -3.2364946676908564E-009
           4           6           1  -3.7123938007871955E-010
           1           7           1  0.99929640782543061     
           2           7           1   3.6031553847945120E-010
           3           7           1   5.0573556609259497E-003
           4           7           1   4.2036230794405993E-009
           1           8           1   1.2917355385702712E-007
           2           8           1   1.5924401284994785E-009
           3           8           1   3.2060232177904950E-009
           4           8           1   3.0237020873077644E-003
           1           9           1   4.0531407569364564E-008
           2           9           1  -6.2317048078526127E-010
           3           9           1  -4.7765540376321225E-009
           4           9           1   5.6331448022148645E-003
           1          10           1  -1.8365786887438240E-008
           2          10           1  -1.6865622593347124E-009
           3          10           1  -2.7433160880320775E-009
           4          10           1  -3.6798394759844366E-009
           1          11           1   1.0320804683304555E-007
           2          11           1   4.3340823365944471E-003
           3          11           1  -5.3785107633274498E-009
           4          11           1   3.9576370642663525E-009
           1          12           1  -3.9061440351338781E-008
           2          12           1   5.5934759475340302E-009
           3          12           1  -3.2740284261569015E-009
           4          12           1   7.6202113125301936E-003
           1          13           1  -3.5005189957879365E-002
           2          13           1   2.2467151068795959E-010
           3          13           1  -1.9325415339413903E-003
           4          13           1   4.3592395855592254E-009
           1          14           1   2.3908956459189695E-008
           2          14           1  -5.8621543364324792E-010
           3          14           1  -2.5951510913142942E-009
           4          14           1  -8.2308738529674429E-004
