# Energy [H] =    9.99992E-01
# <x> [b] =    1.69197E-08
# <y> [b] =   -3.22575E-08
# <z> [b] =    2.27187E-02
           1           5           1   2.1414607086918277E-002
           2           5           1   1.4552951582023356E-009
           3           5           1  -5.5842717136348440E-003
           4           5           1  -9.0034142744812080E-010
           1           6           1  -1.3646151060760280E-007
           2           6           1  -1.6912662534149813E-002
           3           6           1  -2.4291561238124717E-009
           4           6           1  -5.3023584481551532E-011
           1           7           1  -1.3304527590008233E-007
           2           7           1   1.2510449740920545E-009
           3           7           1  -6.1704394964756315E-010
           4           7           1   9.1680135882745914E-003
           1           8           1  0.99835815836631958     
           2           8           1  -3.4340909860793597E-011
           3           8           1   1.2292546059880321E-002
           4           8           1  -3.4169435924230656E-010
           1           9           1   7.3345594118849411E-003
           2           9           1   1.9449521883071210E-008
           3           9           1  -5.2823170599695891E-003
           4           9           1  -5.0582786241287997E-009
           1          10           1   3.9085899757565265E-008
           2          10           1  -1.1543453470484162E-002
           3          10           1   3.9859273971198234E-009
           4          10           1   2.1828793410485848E-009
           1          11           1  -7.5057139666987448E-008
           2          11           1  -6.9227846539332811E-008
           3          11           1   1.1370515618326287E-008
           4          11           1  -6.6969388963391822E-009
           1          12           1  -4.4326416237419682E-002
           2          12           1  -9.0721780720995761E-008
           3          12           1  -5.9235955492013236E-003
           4          12           1  -2.2620126150800577E-009
           1          13           1  -3.3983893698946644E-008
           2          13           1  -9.6523262319680592E-008
           3          13           1   8.3292084863865394E-009
           4          13           1   1.5322090854415283E-004
           1          14           1   7.1053020674463228E-003
           2          14           1   1.2468331002833433E-007
           3          14           1  -2.1545097288209903E-003
           4          14           1  -2.5656124787416913E-009
