# Energy [H] =    1.09362E+00
# <x> [b] =    2.11663E-08
# <y> [b] =    1.20470E-07
# <z> [b] =   -1.42085E-01
           1           5           1  0.27679525852406101     
           2           5           1  -1.8692390514903316E-008
           3           5           1  -2.8915988315983177E-002
           4           5           1  -2.6191070353108427E-009
           1           6           1   1.2006419681376092E-007
           2           6           1  -6.3631629672040960E-002
           3           6           1   8.8910622941280996E-009
           4           6           1  -6.4009861029609447E-010
           1           7           1  -4.0004041587981337E-009
           2           7           1   3.4648871852848824E-009
           3           7           1  -1.6236678136908791E-009
           4           7           1   3.7086413589326149E-002
           1           8           1   2.1754574589858262E-002
           2           8           1  -6.3844376532085972E-009
           3           8           1   2.5798062606701023E-002
           4           8           1  -6.7227552524688549E-010
           1           9           1  0.38275704890130419     
           2           9           1   6.2605549409453851E-008
           3           9           1  -2.4556180461872676E-002
           4           9           1  -1.6709837861514060E-008
           1          10           1  -1.8854331237306827E-007
           2          10           1  -1.5784034440792245E-002
           3          10           1   2.2117333646493141E-008
           4          10           1   1.5071840783515180E-008
           1          11           1   4.7400329512726450E-008
           2          11           1  -1.9406857579114511E-007
           3          11           1   1.7164516900961675E-008
           4          11           1  -2.6044644244143438E-008
           1          12           1  0.79867766372827720     
           2          12           1  -3.0150125803967074E-007
           3          12           1  -2.4524141541882694E-002
           4          12           1  -5.6668087859630881E-009
           1          13           1   1.9262327474790011E-008
           2          13           1  -2.9222809517296295E-007
           3          13           1   1.2606227662258834E-008
           4          13           1   1.0712373762255386E-002
           1          14           1  0.36020995654620425     
           2          14           1   3.7201642027707422E-007
           3          14           1  -1.6629808513835245E-002
           4          14           1  -1.2210080337792812E-008
