                 E [H]         <x> [b]         <y> [b]         <z> [b]             <f>
     1  2.40641164E-01  5.66593990E-01 -6.40619249E-08 -2.00565803E-08  5.15018212E-02
     2  2.98886247E-01  2.68990595E-08  7.84848391E-09  3.73294851E-08  4.34112062E-16
     3  3.19636473E-01 -3.33600341E-08  7.04643010E-09 -5.86779060E-01  7.33692848E-02
     4  3.25387941E-01  2.30521939E-01  5.07754561E-08 -3.44356269E-08  1.15274891E-02
     5  3.40794669E-01 -1.64975286E-07  1.65721369E-07 -4.01088566E-01  3.65495553E-02
     6  3.66302509E-01  3.77373156E-01  6.85070567E-08 -4.62625604E-08  3.47768821E-02
     7  3.66673396E-01  4.00730131E-06 -2.86887062E-07  7.15239514E-08  3.94684399E-12
     8  3.70209989E-01 -5.32848380E-08  3.49639217E-01  5.66187764E-07  3.01715174E-02
     9  3.80655240E-01  1.61907565E-01 -3.92487160E-07  2.34241713E-07  6.65234612E-03
    10  3.81802563E-01  3.67495907E-07  3.98118420E-01  3.04383599E-07  4.03433655E-02
    11  3.84438039E-01 -1.79078189E-07 -1.99976193E-07 -3.90269843E-01  3.90359797E-02
    12  3.86415822E-01  4.06344863E-01 -4.02135814E-09 -2.86271934E-07  4.25356613E-02
    13  4.03962135E-01  1.65283217E-01 -3.27178986E-08 -6.70372879E-08  7.35710437E-03
    14  4.14705257E-01  1.80575993E-07 -1.23834254E-08 -2.97938392E-03  2.45415067E-06
    15  4.46935686E-01  1.69557608E-07 -1.77499975E-06 -2.52787968E-01  1.90399837E-02
    16  4.49302562E-01 -6.30934305E-07 -2.48247941E-01 -8.16056110E-08  1.84594580E-02
    17  4.50293952E-01 -1.99573732E-07  5.10167800E-06 -2.97688877E-07  7.85179566E-12
    18  4.61698422E-01 -6.90893295E-07 -2.37777905E-05 -4.59627830E-01  6.50249109E-02
    19  4.62915410E-01 -3.58042374E-01 -6.30106044E-05  7.45674055E-07  3.95620920E-02
    20  4.63381564E-01  2.65363238E-05 -8.79784065E-01  1.45292115E-05  2.39111066E-01
    21  4.67107857E-01  3.41684017E-08 -2.98567901E-06 -1.14175417E-01  4.05948674E-03
    22  5.40535779E-01  2.51389522E-09  1.33888380E-08  3.65963020E-08  5.49497852E-16
    23  5.42517971E-01 -2.50857814E-08  2.29211539E-01 -7.61199740E-08  1.90018473E-02
    24  5.53466877E-01 -1.19819567E-08 -1.17842656E-07  2.30221902E-01  1.95566134E-02
    25  5.86205360E-01  2.74932985E-07 -3.67702256E-01  3.55766340E-06  5.28385773E-02
    26  5.88953126E-01 -3.20787030E-01 -3.28537674E-07 -2.55751416E-06  4.04038801E-02
    27  5.98121952E-01 -2.08106956E-06  1.33931835E-05  6.37693620E-01  1.62152119E-01
    28  6.01914867E-01  1.18354708E-08 -3.00806066E-06 -2.35998196E-05  2.27122565E-10
    29  6.02106450E-01  9.26148816E-08  2.21331551E-01 -3.22711161E-05  1.96638559E-02
    30  6.07486092E-01  1.88940558E-08 -6.76516565E-01  3.54374084E-07  1.85353995E-01
    31  9.40286823E-01  5.67229757E-08 -2.86810605E-08 -9.63918926E-02  5.82438542E-03
    32  9.82154506E-01  3.52034084E-08  9.54125206E-02  1.02492008E-07  5.96072784E-03
    33  9.99992460E-01  1.69197343E-08 -3.22575031E-08  2.27187431E-02  3.44091596E-04
    34  1.00109414E+00  2.44995513E-02 -3.88213628E-08  6.35163935E-10  4.00589833E-04
    35  1.03922353E+00  2.63902942E-08 -1.02976948E-07 -2.53739730E-02  4.46061418E-04
    36  1.04058424E+00 -5.07648161E-08 -3.65754589E-02  1.31862453E-07  9.28037560E-04
    37  1.04266315E+00  6.35515641E-08 -7.71828125E-07 -7.91262611E-08  4.21248716E-13
    38  1.05543008E+00 -4.44211797E-08 -9.37538879E-07  2.96021520E-02  6.16573389E-04
    39  1.05628327E+00 -2.27813590E-02  6.07418023E-07  2.64263267E-08  3.65467193E-04
    40  1.09362248E+00  2.11662666E-08  1.20470309E-07 -1.42085483E-01  1.47189079E-02
