From  To           E [H]         <x> [b]         <y> [b]         <z> [b]             <f>
   4   5  2.34668817E-01  5.63390338E-01 -2.99756883E-08 -1.27857480E-08  4.96572784E-02
   4   6  2.98795928E-01 -1.68964618E-08 -2.31648416E-09  8.95439026E-08  1.65512367E-15
   3   5  3.12622430E-01 -1.14856696E-08 -1.74367038E-08  8.02624966E-01  1.34262337E-01
   4   7  3.25050522E-01 -1.69755172E-08  6.24276401E-09 -1.89730070E-01  7.80067066E-03
   4   8  3.26518810E-01  2.14795113E-01  5.55863487E-08 -1.98380273E-10  1.00430526E-02
   4   9  3.67189239E-01 -4.03332179E-01 -2.38088762E-09  1.39287295E-08  3.98221249E-02
   4  10  3.68577943E-01  3.61136360E-08  1.05007363E-07  2.25958429E-07  1.55756008E-14
   4  11  3.73681285E-01 -8.34496951E-08  4.65753296E-01  3.22904751E-07  5.40408241E-02
   3   6  3.76749540E-01  6.26114676E-09 -4.42780154E-01  4.28067055E-09  4.92422362E-02
   4  12  3.77573249E-01  3.27272458E-02  1.96345174E-07  6.00825790E-08  2.69605580E-04
   4  13  3.86790516E-01 -9.19416179E-08  1.11570896E-07  4.14198318E-01  4.42385842E-02
   4  14  3.87439361E-01  4.44346962E-01 -1.62458012E-08  3.18326799E-08  5.09984423E-02
   3   7  4.03004134E-01 -1.47361594E-01  2.04898980E-08  1.42222362E-08  5.83427461E-03
   3   8  4.04472423E-01 -4.78788376E-09 -1.43290891E-08 -7.38754077E-02  1.47162596E-03
   3   9  4.45142852E-01  4.53237293E-08  3.36272621E-07 -7.37887206E-02  1.61580187E-03
   3  10  4.46531556E-01  1.43618021E-07 -5.55539704E-01 -2.77424833E-07  9.18736780E-02
   2   5  4.50288989E-01  7.62460417E-09 -8.29097148E-01  2.90913426E-08  2.06353059E-01
   3  11  4.51634898E-01  2.07298367E-07 -1.36361203E-06 -2.72718225E-07  5.95190242E-13
   3  12  4.55526862E-01  2.82315371E-08 -1.65935845E-06  5.24383180E-01  8.35064918E-02
   3  13  4.64744129E-01  3.52387502E-01 -1.65772412E-06 -1.98021679E-07  3.84736728E-02
   3  14  4.65392974E-01  2.58215339E-09  2.08265721E-06 -2.07870278E-01  1.34064366E-02
   2   6  5.14416100E-01  4.65523530E-09  1.30998731E-08  3.91411290E-01  5.25399907E-02
   2   7  5.40670694E-01 -7.00883669E-09 -2.15908152E-08 -2.49867431E-08  4.10774353E-16
   2   8  5.42138983E-01  5.12337857E-09 -2.47251681E-01  1.30114319E-08  2.20951972E-02
   2   9  5.82809412E-01  3.23800185E-08 -5.84730879E-01 -3.51992784E-07  1.32845655E-01
   2  10  5.84198116E-01 -5.83161449E-08  1.88589601E-08  4.83076516E-01  9.08867855E-02
   2  11  5.89301458E-01 -3.15826820E-01 -3.86648405E-07  1.36486734E-06  3.91872035E-02
   2  12  5.93193422E-01  2.05829960E-09 -3.27575159E-01  1.65764113E-06  4.24352718E-02
   2  13  6.02410688E-01 -1.51780509E-08 -3.30944594E-07  1.63725966E-06  1.12063404E-12
   2  14  6.03059534E-01  7.82819341E-08 -1.27297145E-01 -2.06482552E-06  6.51487752E-03
   1   5  9.03421988E-01  3.47243776E-10  1.15658552E-08 -8.46518825E-02  4.31591257E-03
   1   6  9.67549099E-01 -5.60829644E-10  9.70029470E-02  2.84563323E-09  6.06948176E-03
   1   7  9.93803693E-01  2.52650733E-02 -7.41333812E-09 -3.29472227E-09  4.22912451E-04
   1   8  9.95271981E-01  2.43120413E-10  4.34460747E-09  3.52550319E-02  8.24693825E-04
   1   9  1.03594241E+00 -3.12433348E-08 -1.02784265E-07 -1.08883020E-02  8.18775183E-05
   1  10  1.03733111E+00  7.80956365E-09  2.28845149E-02  6.71978005E-08  3.62167575E-04
   1  11  1.04243446E+00 -6.04307511E-08  3.20085970E-07  7.67585568E-08  7.78342582E-14
   1  12  1.04632642E+00 -9.75045336E-09  4.45054385E-07 -9.00844945E-02  5.66077671E-03
   1  13  1.05554369E+00 -2.30774139E-02  4.42722805E-07  6.09111019E-08  3.74765179E-04
   1  14  1.05619253E+00 -1.53481246E-08 -5.70132627E-07 -1.35049884E-02  1.28422248E-04
