                 E [H]         <x> [b]         <y> [b]         <z> [b]             <f>
     1  2.41424914E-01  5.63390338E-01 -2.99756883E-08 -1.27857480E-08  5.10869077E-02
     2  2.98931326E-01 -1.68964618E-08 -2.31648416E-09  8.95439026E-08  1.65587368E-15
     3  3.25471959E-01  2.14795113E-01  5.55863487E-08 -1.98380273E-10  1.00108536E-02
     4  3.31254861E-01 -1.14856696E-08 -1.74367038E-08  8.02624966E-01  1.42264430E-01
     5  3.49472411E-01 -1.69755172E-08  6.24276401E-09 -1.89730070E-01  8.38675530E-03
     6  3.66678743E-01  3.61136360E-08  1.05007363E-07  2.25958429E-07  1.54953432E-14
     7  3.66733761E-01 -4.03332179E-01 -2.38088762E-09  1.39287295E-08  3.97727278E-02
     8  3.70854874E-01 -8.34496951E-08  4.65753296E-01  3.22904751E-07  5.36320757E-02
     9  3.80866823E-01  3.27272458E-02  1.96345174E-07  6.00825790E-08  2.71957351E-04
    10  3.82602331E-01  6.26114676E-09 -4.42780154E-01  4.28067055E-09  5.00072126E-02
    11  3.84834126E-01 -9.19416179E-08  1.11570896E-07  4.14198318E-01  4.40148250E-02
    12  3.85684502E-01  4.44346962E-01 -1.62458012E-08  3.18326799E-08  5.07674511E-02
    13  4.03883492E-01 -1.47361594E-01  2.04898980E-08  1.42222362E-08  5.84700503E-03
    14  4.20523161E-01 -4.78788376E-09 -1.43290891E-08 -7.38754077E-02  1.53002470E-03
    15  4.50053944E-01  4.53237293E-08  3.36272621E-07 -7.37887206E-02  1.63362839E-03
    16  4.50285816E-01  2.07298367E-07 -1.36361203E-06 -2.72718225E-07  5.93412344E-13
    17  4.51218872E-01  1.43618021E-07 -5.55539704E-01 -2.77424833E-07  9.28380913E-02
    18  4.62880014E-01  3.52387502E-01 -1.65772412E-06 -1.98021679E-07  3.83193527E-02
    19  4.63733343E-01  7.62460417E-09 -8.29097148E-01  2.90913426E-08  2.12514177E-01
    20  4.64904131E-01  2.58215339E-09  2.08265721E-06 -2.07870278E-01  1.33923546E-02
    21  4.65414831E-01  2.82315371E-08 -1.65935845E-06  5.24383180E-01  8.53191392E-02
    22  5.40532210E-01 -7.00883669E-09 -2.15908152E-08 -2.49867431E-08  4.10669139E-16
    23  5.42706662E-01  5.12337857E-09 -2.47251681E-01  1.30114319E-08  2.21183333E-02
    24  5.54365852E-01  4.65523530E-09  1.30998731E-08  3.91411290E-01  5.66202665E-02
    25  5.88940668E-01 -3.15826820E-01 -3.86648405E-07  1.36486734E-06  3.91632118E-02
    26  5.90666897E-01  3.23800185E-08 -5.84730879E-01 -3.51992784E-07  1.34636692E-01
    27  5.91525539E-01 -5.83161449E-08  1.88589601E-08  4.83076516E-01  9.20267515E-02
    28  5.99921320E-01  2.05829960E-09 -3.27575159E-01  1.65764113E-06  4.29165653E-02
    29  6.01905571E-01 -1.51780509E-08 -3.30944594E-07  1.63725966E-06  1.11969439E-12
    30  6.03189173E-01  7.82819341E-08 -1.27297145E-01 -2.06482552E-06  6.51627802E-03
    31  9.50487492E-01  3.47243776E-10  1.15658552E-08 -8.46518825E-02  4.54075833E-03
    32  9.82430246E-01 -5.60829644E-10  9.70029470E-02  2.84563323E-09  6.16283190E-03
    33  9.99785959E-01  2.43120413E-10  4.34460747E-09  3.52550319E-02  8.28434159E-04
    34  1.00111211E+00  2.52650733E-02 -7.41333812E-09 -3.29472227E-09  4.26022544E-04
    35  1.04023473E+00  7.80956365E-09  2.28845149E-02  6.71978005E-08  3.63181327E-04
    36  1.04266184E+00 -6.04307511E-08  3.20085970E-07  7.67585568E-08  7.78512361E-14
    37  1.04527672E+00 -3.12433348E-08 -1.02784265E-07 -1.08883020E-02  8.26152714E-05
    38  1.05621179E+00 -2.30774139E-02  4.42722805E-07  6.09111019E-08  3.75002387E-04
    39  1.05961170E+00 -1.53481246E-08 -5.70132627E-07 -1.35049884E-02  1.28837984E-04
    40  1.07028288E+00 -9.75045336E-09  4.45054385E-07 -9.00844945E-02  5.79038459E-03
