# Energy [H] =    1.04023E+00
# <x> [b] =    7.80956E-09
# <y> [b] =    2.28845E-02
# <z> [b] =    6.71978E-08
           1           5           1  -0.0000000000000000     
           2           5           1  -0.0000000000000000     
           3           5           1  -0.0000000000000000     
           4           5           1  -0.0000000000000000     
           1           6           1  -0.0000000000000000     
           2           6           1  -0.0000000000000000     
           3           6           1  -0.0000000000000000     
           4           6           1  -0.0000000000000000     
           1           7           1  -0.0000000000000000     
           2           7           1  -0.0000000000000000     
           3           7           1  -0.0000000000000000     
           4           7           1  -0.0000000000000000     
           1           8           1  -0.0000000000000000     
           2           8           1  -0.0000000000000000     
           3           8           1  -0.0000000000000000     
           4           8           1  -0.0000000000000000     
           1           9           1  -0.0000000000000000     
           2           9           1  -0.0000000000000000     
           3           9           1  -0.0000000000000000     
           4           9           1  -0.0000000000000000     
           1          10           1   1.0000000000000000     
           2          10           1   0.0000000000000000     
           3          10           1   0.0000000000000000     
           4          10           1   0.0000000000000000     
           1          11           1   0.0000000000000000     
           2          11           1   0.0000000000000000     
           3          11           1   0.0000000000000000     
           4          11           1   0.0000000000000000     
           1          12           1   0.0000000000000000     
           2          12           1   0.0000000000000000     
           3          12           1   0.0000000000000000     
           4          12           1   0.0000000000000000     
           1          13           1   0.0000000000000000     
           2          13           1   0.0000000000000000     
           3          13           1   0.0000000000000000     
           4          13           1   0.0000000000000000     
           1          14           1   0.0000000000000000     
           2          14           1   0.0000000000000000     
           3          14           1   0.0000000000000000     
           4          14           1   0.0000000000000000     

%Occupations
1.000000 | 2.000000 | 2.000000 | 2.000000 | 0.000000 | 0.000000 | 0.000000 | 0.000000 | 0.000000 | 1.000000 | 0.000000 | 0.000000 | 0.000000 | 0.000000
%
