#iter energy            energy_diff  abs_dens     rel_dens     abs_ev       rel_ev      
    1   -1.45683091E+01  4.26850E+00  2.37191E+00  2.96489E-01  1.64284E+00  4.72733E-01
    2   -1.67276721E+01 -2.15936E+00  1.12890E+00  1.41112E-01  7.27603E-01  1.73123E-01
    3   -1.74784080E+01 -7.50736E-01  4.19891E-01  5.24864E-02  1.21431E-01  2.80816E-02
    4   -1.70975456E+01  3.80862E-01  1.35595E-01  1.69493E-02  1.75042E-01  4.21871E-02
    5   -1.70521659E+01  4.53797E-02  5.30225E-02  6.62781E-03  6.36908E-02  1.55895E-02
    6   -1.70532000E+01 -1.03407E-03  7.00590E-03  8.75738E-04  3.30528E-03  8.09682E-04
    7   -1.70321538E+01  2.10462E-02  8.33270E-03  1.04159E-03  9.19621E-03  2.25785E-03
    8   -1.70333803E+01 -1.22646E-03  1.19361E-03  1.49202E-04  2.81394E-04  6.90830E-05
    9   -1.70351681E+01 -1.78777E-03  6.93430E-04  8.66787E-05  8.89378E-04  2.18297E-04
   10   -1.70345688E+01  5.99283E-04  4.28029E-04  5.35036E-05  1.68071E-04  4.12546E-05
   11   -1.70345387E+01  3.00688E-05  9.41915E-05  1.17739E-05  5.86636E-05  1.43993E-05
   12   -1.70348025E+01 -2.63797E-04  7.27359E-05  9.09199E-06  1.55326E-04  3.81243E-05
   13   -1.70347763E+01  2.62449E-05  1.68846E-05  2.11057E-06  7.22707E-06  1.77386E-06
   14   -1.70347350E+01  4.12132E-05  1.49035E-05  1.86294E-06  1.77952E-05  4.36780E-06
   15   -1.70347508E+01 -1.57737E-05  7.58300E-06  9.47875E-07  5.52236E-06  1.35545E-06
